ID	開放的	Horizon_S4	Horizon_S8	Vertical_S1	Vertical_S4	Vertical_S6	RightUp_S1	RightUp_S4	RightUp_S8	RightDown_S1	RightDown_S4	RightDown_S8	予測値
sample1.JPG	3.47	0.901	0.808	0.92	0.818	0.844	0.608	0.714	0.54	0.784	0.764	0.531	4.004050265
sample2.JPG	3.72	0.708	0.812	0.646	0.858	0.759	0.505	0.62	0.749	0.574	0.636	0.768	3.901679032
sample3.JPG	4.38	0.523	0.802	0.927	0.803	0.92	0.792	0.413	0.713	0.877	0.392	0.653	3.565467297
sample4.JPG	1.42	0.967	0.802	0.875	0.851	0.864	0.858	0.842	0.614	0.872	0.844	0.524	2.874785707
sample5.JPG	2.3	0.873	0.963	0.935	0.837	0.916	0.706	0.722	0.664	0.728	0.738	0.665	2.435923028
sample6.JPG	2.51	0.863	0.793	0.964	0.932	0.934	0.684	0.801	0.715	0.823	0.814	0.85	3.546990088
sample7.JPG	5.77	0.914	0.422	0.992	0.96	0.925	0.902	0.876	0.325	0.918	0.903	0.344	4.990028265
sample8.JPG	2.26	0.497	0.822	0.947	0.717	0.801	0.87	0.357	0.735	0.866	0.334	0.645	2.716933142
sample9.JPG	3.25	0.692	0.884	0.845	0.739	0.837	0.799	0.505	0.779	0.771	0.557	0.799	3.627621494
sample10.JPG	4.38	0.854	0.712	0.454	0.785	0.837	0.403	0.706	0.715	0.434	0.698	0.678	4.627114407
sample11.JPG	2.55	0.675	0.803	0.894	0.638	0.89	0.743	0.504	0.77	0.867	0.503	0.733	3.022944587
sample12.JPG	3.08	0.79	0.886	0.905	0.714	0.879	0.873	0.657	0.771	0.877	0.582	0.743	1.572272248
sample13.JPG	2.58	0.409	0.942	0.928	0.912	0.99	0.813	0.358	0.809	0.776	0.334	0.791	3.01098056
sample14.JPG	6.17	0.837	0.626	0.815	0.874	0.896	0.492	0.712	0.475	0.692	0.771	0.56	5.564965708
sample15.JPG	5.47	0.812	0.577	0.9	0.789	0.947	0.706	0.688	0.362	0.893	0.66	0.71	5.415328708
sample16.JPG	3.38	0.831	0.622	0.902	0.775	0.716	0.841	0.7	0.389	0.893	0.692	0.36	3.600581847
sample17.JPG	4	0.817	0.93	0.924	0.507	0.951	0.891	0.403	0.704	0.888	0.396	0.665	3.741954786
sample18.JPG	4.47	0.943	0.751	0.765	0.915	0.841	0.603	0.852	0.536	0.727	0.9	0.553	4.222009009
sample19.JPG	3.13	0.794	0.89	0.954	0.736	0.701	0.91	0.636	0.632	0.914	0.632	0.657	2.130893252
sample20.JPG	2.32	0.743	0.718	0.901	0.762	0.702	0.758	0.652	0.478	0.839	0.62	0.701	3.146960497
sample21.JPG	2.38	0.716	0.924	0.976	0.896	0.832	0.75	0.65	0.819	0.739	0.676	0.838	2.197480288
sample22.JPG	3.02	0.89	0.797	0.632	0.833	0.898	0.566	0.792	0.62	0.521	0.784	0.61	3.236611679
sample23.JPG	3.19	0.872	0.601	0.909	0.841	0.882	0.837	0.759	0.612	0.887	0.757	0.557	4.072948243
sample24.JPG	3.06	0.762	0.893	0.909	0.697	0.743	0.765	0.6	0.721	0.907	0.657	0.783	2.969805672
sample25.JPG	2.66	0.843	0.919	0.891	0.765	0.699	0.803	0.643	0.75	0.795	0.683	0.804	2.95834677
sample26.JPG	4.17	0.711	0.695	0.921	0.928	0.615	0.634	0.657	0.646	0.687	0.651	0.737	3.36754132
sample27.JPG	5.19	0.904	0.895	0.897	0.837	0.842	0.738	0.741	0.763	0.91	0.804	0.747	3.686244841
sample28.JPG	6.08	0.954	0.737	0.094	0.881	0.958	0.075	0.854	0.662	0.062	0.847	0.718	5.625324418
sample29.JPG	3.4	0.804	0.877	0.724	0.762	0.686	0.547	0.6	0.731	0.763	0.607	0.755	4.043978798
sample30.JPG	2.13	0.662	0.947	0.935	0.569	0.601	0.871	0.425	0.726	0.904	0.445	0.745	2.04680825
sample31.JPG	2.57	0.517	0.946	0.731	0.795	0.83	0.45	0.43	0.799	0.444	0.424	0.809	2.535425796
