ID	広い	Horizon_S3	Horizon_S4	Horizon_S8	Vertical_S1	RightUp_S1	RightUp_S4	RightUp_S8	RightDown_S3	RightDown_S4	RightDown_S5	RightDown_S8	予測値
sample1.JPG	3.23	0.879	0.901	0.808	0.92	0.608	0.714	0.54	0.787	0.764	0.847	0.531	3.600833244
sample2.JPG	3.77	0.733	0.708	0.812	0.646	0.505	0.62	0.749	0.602	0.636	0.659	0.768	4.248089275
sample3.JPG	4.43	0.796	0.523	0.802	0.927	0.792	0.413	0.713	0.731	0.392	0.841	0.653	2.934900897
sample4.JPG	1.45	0.951	0.967	0.802	0.875	0.858	0.842	0.614	0.91	0.844	0.698	0.524	2.628155628
sample5.JPG	2.02	0.829	0.873	0.963	0.935	0.706	0.722	0.664	0.792	0.738	0.59	0.665	2.510338831
sample6.JPG	2.68	0.898	0.863	0.793	0.964	0.684	0.801	0.715	0.674	0.814	0.933	0.85	3.020357121
sample7.JPG	6.17	0.77	0.914	0.422	0.992	0.902	0.876	0.325	0.678	0.903	0.881	0.344	5.212505506
sample8.JPG	2.28	0.887	0.497	0.822	0.947	0.87	0.357	0.735	0.614	0.334	0.699	0.645	2.768983689
sample9.JPG	3.25	0.943	0.692	0.884	0.845	0.799	0.505	0.779	0.923	0.557	0.738	0.799	3.513728596
sample10.JPG	4.94	0.717	0.854	0.712	0.454	0.403	0.706	0.715	0.474	0.698	0.795	0.678	4.808884055
sample11.JPG	2.53	0.511	0.675	0.803	0.894	0.743	0.504	0.77	0.371	0.503	0.894	0.733	3.975502969
sample12.JPG	2.96	0.872	0.79	0.886	0.905	0.873	0.657	0.771	0.78	0.582	0.678	0.743	1.702709978
sample13.JPG	2.32	0.894	0.409	0.942	0.928	0.813	0.358	0.809	0.869	0.334	0.894	0.791	1.723873073
sample14.JPG	6.6	0.602	0.837	0.626	0.815	0.492	0.712	0.475	0.447	0.771	0.643	0.56	6.01995761
sample15.JPG	5.7	0.874	0.812	0.577	0.9	0.706	0.688	0.362	0.858	0.66	0.495	0.71	5.118897623
sample16.JPG	3.3	0.853	0.831	0.622	0.902	0.841	0.7	0.389	0.735	0.692	0.706	0.36	4.014932595
sample17.JPG	3.89	0.763	0.817	0.93	0.924	0.891	0.403	0.704	0.731	0.396	0.749	0.665	3.202112818
sample18.JPG	4.66	0.926	0.943	0.751	0.765	0.603	0.852	0.536	0.714	0.9	0.768	0.553	3.906904796
sample19.JPG	3.23	0.84	0.794	0.89	0.954	0.91	0.636	0.632	0.656	0.632	0.865	0.657	2.39273916
sample20.JPG	2.17	0.863	0.743	0.718	0.901	0.758	0.652	0.478	0.798	0.62	0.707	0.701	3.636924001
sample21.JPG	2.38	0.864	0.716	0.924	0.976	0.75	0.65	0.819	0.764	0.676	0.87	0.838	2.358368802
sample22.JPG	3.57	0.755	0.89	0.797	0.632	0.566	0.792	0.62	0.642	0.784	0.646	0.61	3.755063363
sample23.JPG	2.94	0.793	0.872	0.601	0.909	0.837	0.759	0.612	0.655	0.757	0.84	0.557	4.159198471
sample24.JPG	2.91	0.813	0.762	0.893	0.909	0.765	0.6	0.721	0.646	0.657	0.808	0.783	3.552220717
sample25.JPG	2.94	0.844	0.843	0.919	0.891	0.803	0.643	0.75	0.735	0.683	0.737	0.804	3.255754333
sample26.JPG	4.23	0.927	0.711	0.695	0.921	0.634	0.657	0.646	0.84	0.651	0.607	0.737	3.831675341
sample27.JPG	5.51	0.682	0.904	0.895	0.897	0.738	0.741	0.763	0.484	0.804	0.753	0.747	3.742207435
sample28.JPG	5.34	0.817	0.954	0.737	0.094	0.075	0.854	0.662	0.724	0.847	0.829	0.718	5.068115371
sample29.JPG	3.58	0.879	0.804	0.877	0.724	0.547	0.6	0.731	0.804	0.607	0.52	0.755	3.707840081
sample30.JPG	2.74	0.798	0.662	0.947	0.935	0.871	0.425	0.726	0.695	0.445	0.76	0.745	2.995273785
sample31.JPG	2.75	0.657	0.517	0.946	0.731	0.45	0.43	0.799	0.465	0.424	0.854	0.809	3.102950836
